source_prefix	mesh	efo	cellosaurus	ccle	depmap	bto	cl	clo	ncit	umls
mesh	636	3	32	6	6	62	85	34	7	0
efo	3	27	4	0	0	2	0	5	1	0
cellosaurus	32	4	159463	1655	1913	2436	1	34153	0	0
ccle	6	0	1655	1061	1629	641	0	1417	0	0
depmap	6	0	1913	1629	1814	668	0	1473	0	0
bto	62	2	2436	641	668	6570	330	1436	7	0
cl	85	0	1	0	0	330	3046	0	8	0
clo	34	5	34153	1417	1473	1436	0	39125	0	0
ncit	7	1	0	0	0	7	8	0	503	0
umls	0	0	0	0	0	0	0	0	0	6312
