source_prefix	mesh	efo	cellosaurus	ccle	depmap	bto	cl	clo	ncit	umls
mesh	636	3	32	6	6	62	85	34	7	433
efo	3	27	4	0	0	2	0	5	1	1
cellosaurus	32	4	163868	1699	1913	2436	1	34153	0	0
ccle	6	0	1699	1739	1700	648	0	1417	0	0
depmap	6	0	1913	1700	1814	668	0	1473	0	0
bto	62	2	2436	648	668	6566	330	1436	7	7
cl	85	0	1	0	0	330	3095	0	8	8
clo	34	5	34153	1417	1473	1436	0	39099	0	0
ncit	7	1	0	0	0	7	8	0	503	497
umls	433	1	0	0	0	7	8	0	497	6341
