source_prefix	uberon	mesh	bto	caro	ncit	umls
uberon	14480	1107	1461	52	2613	3172
mesh	1107	1776	61	0	83	1776
bto	1461	61	6511	6	820	889
caro	52	0	6	84	19	18
ncit	2613	83	820	19	7555	7515
umls	3172	1776	889	18	7515	7490
