source_prefix	mesh	efo	cellosaurus	ccle	depmap	bto	cl	clo	ncit
mesh	635	19	596	16	26	86	86	150	15
efo	19	89	5228	653	343	512	19	1033	4
cellosaurus	596	5228	148681	577	1901	2417	1	34150	68564
ccle	16	653	577	1061	1535	131	0	345	192
depmap	26	343	1901	1535	1719	138	0	366	390
bto	86	512	2417	131	138	6511	329	605	436
cl	86	19	1	0	0	329	2739	1	19
clo	150	1033	34150	345	366	605	1	39080	3054
ncit	15	4	68564	192	390	436	19	3054	502
