source_prefix	mesh	efo	cellosaurus	ccle	depmap	bto	cl	clo	ncit	umls
mesh	636	2	32	6	6	62	84	34	7	433
efo	2	25	2	0	0	1	0	0	1	1
cellosaurus	32	2	148681	1655	1912	2415	1	34150	0	0
ccle	6	0	1655	1061	1536	641	0	1416	0	0
depmap	6	0	1912	1536	1719	668	0	1472	0	0
bto	62	1	2415	641	668	6511	328	1435	7	7
cl	84	0	1	0	0	328	2746	0	8	8
clo	34	0	34150	1416	1472	1435	0	39080	0	0
ncit	7	1	0	0	0	7	8	0	503	495
umls	433	1	0	0	0	7	8	0	495	6057
