source_prefix	mesh	efo	cellosaurus	ccle	depmap	bto	cl	clo	ncit	umls
mesh	635	21	31	0	0	0	84	35	12	635
efo	21	89	1299	564	0	288	14	410	4	1
cellosaurus	31	1299	148681	113	1894	2415	0	34149	68557	0
ccle	0	564	113	1061	1535	2	0	0	0	0
depmap	0	0	1894	1535	1719	0	0	0	0	0
bto	0	288	2415	2	0	6511	328	5	0	0
cl	84	14	0	0	0	328	2739	0	13	0
clo	35	410	34149	0	0	5	0	39080	0	0
ncit	12	4	68557	0	0	0	13	0	502	2492
umls	635	1	0	0	0	0	0	0	2492	6057
